5 0 0 0 -1 82.4686 22.4189 0 1
5 1 0 0 -1 52.1689 37.7274 0 1
5 2 0 0 -1 27.4812 83.8337 0 1
5 3 0 0 -1 9.43943 98.4749 0 1
5 4 0 0 -1 27.6861 9.29942 0 1
5 5 0 0 -1 66.3587 73.9279 0 1
5 6 0 0 -1 71.0925 9.78957 0 1
5 7 0 0 -1 81.6328 24.7833 0 1
5 8 0 0 -1 51.9726 22.9524 0 1
5 9 0 0 -1 75.3347 38.0243 0 1
5 10 0 0 -1 7.67686 17.2527 0 1
5 11 0 0 -1 46.179 13.017 0 1
5 12 0 0 -1 33.102 70.5217 0 1
5 13 0 0 -1 5.75812 15.5706 0 1
5 14 0 0 -1 85.941 45.1096 0 1
5 15 0 0 -1 14.7475 13.4222 0 1
5 16 0 0 -1 28.9433 24.1869 0 1
5 17 0 0 -1 11.8971 56.6293 0 1
5 18 0 0 -1 33.4863 78.2558 0 1
5 19 0 0 -1 30.5572 4.57882 0 1
5 20 0 0 -1 88.0454 12.19 0 1
5 21 0 0 -1 29.3622 82.4588 0 1
5 22 0 0 -1 8.53973 81.3347 0 1
5 23 0 0 -1 5.41116 83.8745 0 1
5 24 0 0 -1 19.359 13.088 0 1
5 25 0 0 -1 1.12721 65.538 0 1
5 26 0 0 -1 26.105 34.2292 0 1
5 27 0 0 -1 36.0597 31.8631 0 1
5 28 0 0 -1 49.7998 29.0003 0 1
5 29 0 0 -1 8.88323 35.7407 0 1
5 30 0 0 -1 74.1099 23.6307 0 1
5 31 0 0 -1 49.1629 3.05318 0 1
5 32 0 0 -1 47.8176 61.0601 0 1
5 33 0 0 -1 39.3159 90.2397 0 1
5 34 0 0 -1 85.8827 27.3612 0 1
5 35 0 0 -1 2.42964 15.2449 0 1
5 36 0 0 -1 9.82001 10.9694 0 1
5 37 0 0 -1 96.5796 15.2312 0 1
5 38 0 0 -1 94.8438 15.9386 0 1
5 39 0 0 -1 81.4766 54.4242 0 1
5 40 0 0 -1 30.2002 17.5363 0 1
5 41 0 0 -1 15.7408 20.6466 0 1
5 42 0 0 -1 18.8012 64.9037 0 1
5 43 0 0 -1 23.6997 66.6188 0 1
5 44 0 0 -1 25.9638 83.3823 0 1
5 45 0 0 -1 47.9227 65.2796 0 1
5 46 0 0 -1 73.6219 33.8055 0 1
5 47 0 0 -1 49.0504 2.46085 0 1
5 48 0 0 -1 87.0209 45.6299 0 1
5 49 0 0 -1 17.692 81.8648 0 1
5 50 0 0 -1 61.5685 46.0112 0 1
5 51 0 0 -1 77.8358 43.0451 0 1
5 52 0 0 -1 0.435409 8.03605 0 1
5 53 0 0 -1 88.0361 7.11804 0 1
5 54 0 0 -1 81.8933 3.77684 0 1
5 55 0 0 -1 27.7646 0.694518 0 1
5 56 0 0 -1 68.6805 51.4643 0 1
5 57 0 0 -1 34.8466 15.2361 0 1
5 58 0 0 -1 59.9239 8.46853 0 1
5 59 0 0 -1 49.0416 52.5648 0 1
5 60 0 0 -1 55.0256 71.541 0 1
5 61 0 0 -1 43.7219 72.7176 0 1
5 62 0 0 -1 53.4058 5.29038 0 1
5 63 0 0 -1 18.7288 31.2416 0 1
5 64 0 0 -1 48.3355 19.1642 0 1
5 65 0 0 -1 39.2777 8.91688 0 1
5 66 0 0 -1 5.88696 27.3138 0 1
5 67 0 0 -1 16.0349 87.7802 0 1
5 68 0 0 -1 31.0906 43.7995 0 1
5 69 0 0 -1 94.4155 30.1105 0 1
5 70 0 0 -1 71.0242 54.3394 0 1
5 71 0 0 -1 38.579 20.0658 0 1
5 72 0 0 -1 6.90414 23.0991 0 1
5 73 0 0 -1 18.1577 61.9297 0 1
5 74 0 0 -1 34.6474 48.046 0 1
5 75 0 0 -1 67.1699 53.3762 0 1
5 76 0 0 -1 79.2876 15.5054 0 1
5 77 0 0 -1 72.5404 18.5653 0 1
5 78 0 0 -1 24.4223 78.4274 0 1
5 79 0 0 -1 45.8791 40.4572 0 1
5 80 0 0 -1 10.4705 71.1563 0 1
5 81 0 0 -1 9.63112 81.4947 0 1
5 82 0 0 -1 25.4957 48.2101 0 1
5 83 0 0 -1 1.56049 32.3998 0 1
5 84 0 0 -1 71.3092 19.7182 0 1
5 85 0 0 -1 81.5978 28.9769 0 1
5 86 0 0 -1 13.9954 48.7677 0 1
5 87 0 0 -1 64.2731 54.8935 0 1
5 88 0 0 -1 11.8483 88.6954 0 1
5 89 0 0 -1 33.3209 57.7273 0 1
5 90 0 0 -1 34.697 13.4094 0 1
5 91 0 0 -1 54.2109 11.4378 0 1
5 92 0 0 -1 82.5941 2.5612 0 1
5 93 0 0 -1 46.1761 8.08972 0 1
5 94 0 0 -1 50.7713 47.7366 0 1
5 95 0 0 -1 40.4895 22.0806 0 1
5 96 0 0 -1 67.4548 34.819 0 1
5 97 0 0 -1 63.7959 2.02535 0 1
5 98 0 0 -1 1.04253 7.15661 0 1
5 99 0 0 -1 50.7888 34.3634 0 1
5 100 0 0 -1 11.0187 86.2811 0 1
5 101 0 0 -1 1.70251 39.6136 0 1
5 102 0 0 -1 46.6969 42.192 0 1
5 103 0 0 -1 61.6942 14.1517 0 1
5 104 0 0 -1 77.0111 49.7241 0 1
5 105 0 0 -1 63.2043 40.807 0 1
5 106 0 0 -1 51.7495 61.0245 0 1
5 107 0 0 -1 86.956 47.0578 0 1
5 108 0 0 -1 23.1179 87.9986 0 1
5 109 0 0 -1 54.2144 73.9068 0 1
5 110 0 0 -1 22.362 19.0984 0 1
5 111 0 0 -1 53.8483 56.2539 0 1
5 112 0 0 -1 18.6793 47.1993 0 1
5 113 0 0 -1 44.3568 29.698 0 1
5 114 0 0 -1 23.3108 22.3226 0 1
5 115 0 0 -1 96.1014 25.0133 0 1
5 116 0 0 -1 61.9362 42.7983 0 1
5 117 0 0 -1 67.2053 23.6304 0 1
5 118 0 0 -1 56.9501 44.2164 0 1
5 119 0 0 -1 73.3545 20.1543 0 1
5 120 0 0 -1 85.0234 25.104 0 1
5 121 0 0 -1 72.1618 4.29684 0 1
5 122 0 0 -1 59.978 26.3762 0 1
5 123 0 0 -1 45.4745 32.0519 0 1
5 124 0 0 -1 38.5939 64.1538 0 1
5 125 0 0 -1 93.8518 12.7316 0 1
5 126 0 0 -1 80.0917 17.1626 0 1
5 127 0 0 -1 35.0542 76.193 0 1
5 128 0 0 -1 18.9914 9.38126 0 1
5 129 0 0 -1 20.6208 75.9414 0 1
5 130 0 0 -1 19.0792 77.2746 0 1
5 131 0 0 -1 10.6005 91.241 0 1
5 132 0 0 -1 17.6171 59.7751 0 1
5 133 0 0 -1 52.9184 63.0917 0 1
5 134 0 0 -1 27.2455 71.0783 0 1
5 135 0 0 -1 74.463 21.0973 0 1
5 136 0 0 -1 38.2599 18.864 0 1
5 137 0 0 -1 30.7477 80.4359 0 1
5 138 0 0 -1 15.8544 49.739 0 1
5 139 0 0 -1 89.8171 36.4752 0 1
5 140 0 0 -1 25.6804 43.4148 0 1
5 141 0 0 -1 30.4504 21.7762 0 1
5 142 0 0 -1 82.0358 49.5296 0 1
5 143 0 0 -1 40.7706 80.6223 0 1
5 144 0 0 -1 63.2148 58.3877 0 1
5 145 0 0 -1 40.3974 16.1333 0 1
5 146 0 0 -1 21.4794 32.2245 0 1
5 147 0 0 -1 7.64561 48.7249 0 1
5 148 0 0 -1 3.30272 82.1086 0 1
5 149 0 0 -1 36.6632 8.08214 0 1
5 150 0 0 -1 5.9766 67.4109 0 1
5 151 0 0 -1 88.518 21.831 0 1
5 152 0 0 -1 17.1499 78.3351 0 1
5 153 0 0 -1 58.3062 42.8303 0 1
5 154 0 0 -1 21.7499 88.7566 0 1
5 155 0 0 -1 64.6065 3.78571 0 1
5 156 0 0 -1 38.2863 63.6573 0 1
5 157 0 0 -1 44.2796 59.6369 0 1
5 158 0 0 -1 37.4446 84.677 0 1
5 159 0 0 -1 75.7702 58.9241 0 1
5 160 0 0 -1 16.9014 83.4158 0 1
5 161 0 0 -1 7.64896 20.2042 0 1
5 162 0 0 -1 7.31672 2.18753 0 1
5 163 0 0 -1 85.5533 13.2933 0 1
5 164 0 0 -1 35.1243 86.7483 0 1
5 165 0 0 -1 29.5785 74.1563 0 1
5 166 0 0 -1 77.942 20.4735 0 1
5 167 0 0 -1 57.8423 74.364 0 1
5 168 0 0 -1 99.5303 2.12184 0 1
5 169 0 0 -1 34.0009 36.975 0 1
5 170 0 0 -1 86.7988 9.77107 0 1
5 171 0 0 -1 95.899 3.70026 0 1
5 172 0 0 -1 93.1868 3.54799 0 1
5 173 0 0 -1 23.9044 58.7112 0 1
5 174 0 0 -1 81.0192 31.2211 0 1
5 175 0 0 -1 60.8987 66.5725 0 1
5 176 0 0 -1 44.5144 30.4971 0 1
5 177 0 0 -1 40.6438 79.6388 0 1
5 178 0 0 -1 17.2453 93.0502 0 1
5 179 0 0 -1 73.0693 46.8239 0 1
5 180 0 0 -1 67.2065 55.2565 0 1
5 181 0 0 -1 41.0089 45.1485 0 1
5 182 0 0 -1 19.5125 75.2603 0 1
5 183 0 0 -1 0.972975 53.5134 0 1
5 184 0 0 -1 12.2353 87.7718 0 1
5 185 0 0 -1 63.2845 8.13434 0 1
5 186 0 0 -1 11.6823 15.3765 0 1
5 187 0 0 -1 15.1825 92.7015 0 1
5 188 0 0 -1 46.5976 76.0812 0 1
5 189 0 0 -1 70.7508 23.8236 0 1
5 190 0 0 -1 70.6475 60.1744 0 1
5 191 0 0 -1 99.0767 11.6563 0 1
5 192 0 0 -1 5.32291 74.8067 0 1
5 193 0 0 -1 10.5075 24.8354 0 1
5 194 0 0 -1 50.0671 11.4804 0 1
5 195 0 0 -1 6.10078 13.2871 0 1
5 196 0 0 -1 74.8205 52.6984 0 1
5 197 0 0 -1 89.3682 34.0945 0 1
5 198 0 0 -1 34.0123 14.5613 0 1
5 199 0 0 -1 19.7701 26.9803 0 1
5 200 0 0 -1 2.07389 92.4776 0 1
5 201 0 0 -1 32.2649 12.5814 0 1
5 202 0 0 -1 17.313 82.332 0 1
5 203 0 0 -1 24.0618 95.6619 0 1
5 204 0 0 -1 44.6344 23.3141 0 1
5 205 0 0 -1 37.2952 15.0711 0 1
5 206 0 0 -1 14.0384 35.3998 0 1
5 207 0 0 -1 97.1902 20.1391 0 1
5 208 0 0 -1 48.6869 72.0107 0 1
5 209 0 0 -1 72.8375 38.0551 0 1
5 210 0 0 -1 6.10524 16.648 0 1
5 211 0 0 -1 34.0016 40.1175 0 1
5 212 0 0 -1 31.2093 53.7717 0 1
5 213 0 0 -1 44.1893 54.2525 0 1
5 214 0 0 -1 47.049 46.2631 0 1
5 215 0 0 -1 46.7301 79.3139 0 1
5 216 0 0 -1 58.8445 64.0431 0 1
5 217 0 0 -1 59.705 6.28031 0 1
5 218 0 0 -1 6.22035 97.0002 0 1
5 219 0 0 -1 21.3514 20.2587 0 1
5 220 0 0 -1 32.3999 18.5416 0 1
5 221 0 0 -1 40.3979 81.0868 0 1
5 222 0 0 -1 90.5523 13.2354 0 1
5 223 0 0 -1 19.142 96.6575 0 1
5 224 0 0 -1 29.8834 53.1436 0 1
5 225 0 0 -1 36.7751 61.0926 0 1
5 226 0 0 -1 6.91528 3.87286 0 1
5 227 0 0 -1 50.6834 51.1045 0 1
5 228 0 0 -1 97.3677 4.85544 0 1
5 229 0 0 -1 77.0463 56.2122 0 1
5 230 0 0 -1 68.8986 38.6922 0 1
5 231 0 0 -1 39.1185 28.6036 0 1
5 232 0 0 -1 44.9725 45.3388 0 1
5 233 0 0 -1 25.6037 66.3239 0 1
5 234 0 0 -1 65.5975 58.0037 0 1
5 235 0 0 -1 84.8655 5.99539 0 1
5 236 0 0 -1 39.0905 75.4178 0 1
5 237 0 0 -1 19.2308 58.2324 0 1
5 238 0 0 -1 72.0753 49.1141 0 1
5 239 0 0 -1 11.376 8.85042 0 1
5 240 0 0 -1 10.2068 18.2913 0 1
5 241 0 0 -1 12.7233 60.8901 0 1
5 242 0 0 -1 69.3958 70.8486 0 1
5 243 0 0 -1 58.6225 66.7635 0 1
5 244 0 0 -1 75.7041 35.6688 0 1
5 245 0 0 -1 22.9757 44.6026 0 1
5 246 0 0 -1 74.3609 62.0942 0 1
5 247 0 0 -1 73.2062 19.3334 0 1
5 248 0 0 -1 7.43299 98.8099 0 1
5 249 0 0 -1 56.8136 70.5229 0 1
5 250 0 0 -1 54.1365 18.016 0 1
5 251 0 0 -1 47.3708 65.5125 0 1
5 252 0 0 -1 26.8664 57.5776 0 1
5 253 0 0 -1 83.8038 39.5897 0 1
5 254 0 0 -1 18.4677 53.1996 0 1
5 255 0 0 -1 10.4383 77.0902 0 1
5 256 0 0 -1 19.9632 86.1424 0 1
5 257 0 0 -1 12.759 42.9388 0 1
5 258 0 0 -1 30.7451 87.1199 0 1
5 259 0 0 -1 5.033 3.95126 0 1
5 260 0 0 -1 6.45337 12.466 0 1
5 261 0 0 -1 2.76117 92.1107 0 1
5 262 0 0 -1 62.6336 64.5224 0 1
5 263 0 0 -1 55.4788 8.57423 0 1
5 264 0 0 -1 62.7791 9.61526 0 1
5 265 0 0 -1 26.5902 10.1499 0 1
5 266 0 0 -1 75.1278 53.4567 0 1
5 267 0 0 -1 67.7275 58.9315 0 1
5 268 0 0 -1 12.1312 3.48472 0 1
5 269 0 0 -1 63.2854 32.0943 0 1
5 270 0 0 -1 75.0332 20.3722 0 1
5 271 0 0 -1 24.3235 69.6177 0 1
5 272 0 0 -1 92.5322 27.0846 0 1
5 273 0 0 -1 61.7284 78.0287 0 1
5 274 0 0 -1 86.6593 24.362 0 1
5 275 0 0 -1 42.5511 42.1381 0 1
5 276 0 0 -1 32.9362 5.33023 0 1
5 277 0 0 -1 51.7534 59.5265 0 1
5 278 0 0 -1 15.4801 26.8811 0 1
5 279 0 0 -1 12.9831 83.2076 0 1
5 280 0 0 -1 85.8127 6.0295 0 1
5 281 0 0 -1 9.51422 32.6882 0 1
5 282 0 0 -1 8.73265 5.07137 0 1
5 283 0 0 -1 19.5136 71.897 0 1
5 284 0 0 -1 85.1376 43.837 0 1
5 285 0 0 -1 41.5147 77.6697 0 1
5 286 0 0 -1 70.9216 3.2431 0 1
5 287 0 0 -1 55.6984 57.581 0 1
5 288 0 0 -1 3.57976 51.4725 0 1
5 289 0 0 -1 20.0678 19.0599 0 1
5 290 0 0 -1 78.3536 33.0509 0 1
5 291 0 0 -1 2.26754 64.1663 0 1
5 292 0 0 -1 39.0804 71.6704 0 1
5 293 0 0 -1 62.1102 48.5946 0 1
5 294 0 0 -1 4.35862 92.1484 0 1
5 295 0 0 -1 47.736 13.0913 0 1
5 296 0 0 -1 11.0865 26.5029 0 1
5 297 0 0 -1 29.746 15.7254 0 1
5 298 0 0 -1 39.5891 57.3511 0 1
5 299 0 0 -1 13.975 39.3082 0 1
5 300 0 0 -1 17.8924 17.5547 0 1
5 301 0 0 -1 90.7807 37.9602 0 1
5 302 0 0 -1 36.6146 69.1343 0 1
5 303 0 0 -1 71.0111 38.8821 0 1
5 304 0 0 -1 33.3006 10.0914 0 1
5 305 0 0 -1 10.5525 95.4108 0 1
5 306 0 0 -1 58.686 14.9111 0 1
5 307 0 0 -1 87.5591 6.42202 0 1
5 308 0 0 -1 28.0024 84.7788 0 1
5 309 0 0 -1 73.6715 12.9907 0 1
5 310 0 0 -1 39.4936 27.1631 0 1
5 311 0 0 -1 66.7662 69.2396 0 1
5 312 0 0 -1 42.8885 6.35535 0 1
5 313 0 0 -1 26.5907 56.8635 0 1
5 314 0 0 -1 45.6636 44.4831 0 1
5 315 0 0 -1 74.4182 36.4443 0 1
5 316 0 0 -1 82.4433 11.0328 0 1
5 317 0 0 -1 5.57859 53.4543 0 1
5 318 0 0 -1 49.915 38.8792 0 1
5 319 0 0 -1 63.5457 60.4675 0 1
5 320 0 0 -1 34.2899 22.2318 0 1
5 321 0 0 -1 75.3786 21.849 0 1
5 322 0 0 -1 28.6538 3.38103 0 1
5 323 0 0 -1 6.62788 2.32535 0 1
5 324 0 0 -1 16.3717 73.764 0 1
5 325 0 0 -1 0.927115 53.8496 0 1
5 326 0 0 -1 25.1048 43.8157 0 1
5 327 0 0 -1 60.205 51.6955 0 1
5 328 0 0 -1 0.679154 5.86857 0 1
5 329 0 0 -1 42.3128 78.6219 0 1
5 330 0 0 -1 86.1302 47.8914 0 1
5 331 0 0 -1 32.0762 36.0451 0 1
5 332 0 0 -1 96.5126 21.0606 0 1
5 333 0 0 -1 17.8537 71.8912 0 1
5 334 0 0 -1 42.9096 46.5075 0 1
5 335 0 0 -1 75.2723 49.5375 0 1
5 336 0 0 -1 23.3015 35.9163 0 1
5 337 0 0 -1 47.5092 24.2286 0 1
5 338 0 0 -1 68.0443 49.971 0 1
5 339 0 0 -1 24.3096 68.7234 0 1
5 340 0 0 -1 55.8395 20.4882 0 1
5 341 0 0 -1 46.0438 31.1863 0 1
5 342 0 0 -1 65.9961 32.8144 0 1
5 343 0 0 -1 26.8082 62.5087 0 1
5 344 0 0 -1 53.875 44.6619 0 1
5 345 0 0 -1 91.1695 9.67222 0 1
5 346 0 0 -1 46.3221 40.0024 0 1
5 347 0 0 -1 1.31618 69.6236 0 1
5 348 0 0 -1 75.9187 48.8254 0 1
5 349 0 0 -1 21.4394 61.8964 0 1
5 350 0 0 -1 15.6556 45.749 0 1
5 351 0 0 -1 30.6198 71.4951 0 1
5 352 0 0 -1 66.2372 74.4406 0 1
5 353 0 0 -1 69.6475 65.3473 0 1
5 354 0 0 -1 4.39149 15.6913 0 1
5 355 0 0 -1 48.5057 23.3417 0 1
5 356 0 0 -1 32.8963 2.38068 0 1
5 357 0 0 -1 68.0037 67.2962 0 1
5 358 0 0 -1 76.9684 45.4873 0 1
5 359 0 0 -1 15.1109 75.0942 0 1
5 360 0 0 -1 27.11 8.96304 0 1
5 361 0 0 -1 40.7788 48.5494 0 1
5 362 0 0 -1 70.8594 56.4344 0 1
5 363 0 0 -1 94.2985 1.47923 0 1
5 364 0 0 -1 27.9295 60.5357 0 1
5 365 0 0 -1 25.883 80.3113 0 1
5 366 0 0 -1 13.2682 22.4165 0 1
5 367 0 0 -1 50.6988 61.7739 0 1
5 368 0 0 -1 45.7582 83.5951 0 1
5 369 0 0 -1 64.1546 13.7619 0 1
5 370 0 0 -1 50.8913 63.3199 0 1
5 371 0 0 -1 72.935 27.8597 0 1
5 372 0 0 -1 8.80724 72.1105 0 1
5 373 0 0 -1 6.14432 23.9181 0 1
5 374 0 0 -1 47.2047 33.2543 0 1
5 375 0 0 -1 32.8812 87.9834 0 1
5 376 0 0 -1 81.8037 3.7406 0 1
5 377 0 0 -1 44.4178 76.1022 0 1
5 378 0 0 -1 5.21982 72.3473 0 1
5 379 0 0 -1 36.6379 81.1396 0 1
5 380 0 0 -1 69.9243 62.5209 0 1
5 381 0 0 -1 84.9374 12.1497 0 1
5 382 0 0 -1 44.9665 30.6956 0 1
5 383 0 0 -1 95.7448 9.12111 0 1
5 384 0 0 -1 44.4575 46.6362 0 1
5 385 0 0 -1 72.441 17.3925 0 1
5 386 0 0 -1 5.16637 36.7077 0 1
5 387 0 0 -1 13.8945 38.0475 0 1
5 388 0 0 -1 24.6911 95.6982 0 1
5 389 0 0 -1 41.7881 69.109 0 1
5 390 0 0 -1 71.8004 47.008 0 1
5 391 0 0 -1 41.4563 8.43833 0 1
5 392 0 0 -1 28.1476 11.3806 0 1
5 393 0 0 -1 1.74819 39.5396 0 1
5 394 0 0 -1 48.6607 31.0497 0 1
5 395 0 0 -1 44.1292 21.1017 0 1
5 396 0 0 -1 48.4422 18.6251 0 1
5 397 0 0 -1 2.34992 37.9452 0 1
5 398 0 0 -1 99.2653 7.51629 0 1
5 399 0 0 -1 74.6529 13.1598 0 1
5 400 0 0 -1 8.858 87.352 0 1
5 401 0 0 -1 34.3599 9.90924 0 1
5 402 0 0 -1 21.2898 60.0559 0 1
5 403 0 0 -1 52.1059 15.8629 0 1
5 404 0 0 -1 15.9525 53.8541 0 1
5 405 0 0 -1 55.4025 2.54464 0 1
5 406 0 0 -1 51.3472 4.06316 0 1
5 407 0 0 -1 25.1648 82.0365 0 1
5 408 0 0 -1 14.1014 27.5148 0 1
5 409 0 0 -1 19.9817 13.3667 0 1
5 410 0 0 -1 26.5264 80.5949 0 1
5 411 0 0 -1 67.9469 62.4316 0 1
5 412 0 0 -1 16.0429 2.30679 0 1
5 413 0 0 -1 72.3408 5.13962 0 1
5 414 0 0 -1 65.1956 16.9202 0 1
5 415 0 0 -1 9.49356 81.1481 0 1
5 416 0 0 -1 70.7743 64.896 0 1
5 417 0 0 -1 83.6927 22.1215 0 1
5 418 0 0 -1 68.9592 17.287 0 1
5 419 0 0 -1 17.5978 94.124 0 1
5 420 0 0 -1 21.6388 19.3052 0 1
5 421 0 0 -1 45.0659 56.6699 0 1
5 422 0 0 -1 13.9398 71.5923 0 1
5 423 0 0 -1 37.2648 7.91847 0 1
5 424 0 0 -1 6.97672 5.21162 0 1
5 425 0 0 -1 70.3501 23.0196 0 1
5 426 0 0 -1 7.51841 42.6909 0 1
5 427 0 0 -1 28.1592 72.3327 0 1
5 428 0 0 -1 74.5028 60.0273 0 1
5 429 0 0 -1 10.7112 58.1955 0 1
5 430 0 0 -1 52.1031 8.05108 0 1
5 431 0 0 -1 15.9695 55.0808 0 1
5 432 0 0 -1 78.1004 2.09788 0 1
5 433 0 0 -1 29.0105 6.25955 0 1
5 434 0 0 -1 74.4306 65.3321 0 1
5 435 0 0 -1 11.1472 74.1171 0 1
5 436 0 0 -1 23.7107 21.8584 0 1
5 437 0 0 -1 32.3126 5.85948 0 1
5 438 0 0 -1 1.52878 7.79515 0 1
5 439 0 0 -1 5.60608 75.3232 0 1
5 440 0 0 -1 82.6012 37.0519 0 1
5 441 0 0 -1 13.5637 22.8595 0 1
5 442 0 0 -1 12.2274 0.733027 0 1
5 443 0 0 -1 16.7485 6.80682 0 1
5 444 0 0 -1 8.9047 16.0632 0 1
5 445 0 0 -1 1.10846 83.3353 0 1
5 446 0 0 -1 81.3953 0.722765 0 1
5 447 0 0 -1 14.4009 7.15252 0 1
5 448 0 0 -1 76.5889 15.9297 0 1
5 449 0 0 -1 14.9477 82.195 0 1
5 450 0 0 -1 19.2469 62.0093 0 1
5 451 0 0 -1 74.2612 32.8106 0 1
5 452 0 0 -1 59.7578 11.2269 0 1
5 453 0 0 -1 3.903 46.8104 0 1
5 454 0 0 -1 6.07584 12.8077 0 1
5 455 0 0 -1 62.8736 7.1843 0 1
5 456 0 0 -1 7.90707 43.1617 0 1
5 457 0 0 -1 36.8114 82.747 0 1
5 458 0 0 -1 13.8912 51.2123 0 1
5 459 0 0 -1 67.142 4.84714 0 1
5 460 0 0 -1 72.6751 58.3949 0 1
5 461 0 0 -1 2.39598 91.922 0 1
5 462 0 0 -1 20.4042 76.6572 0 1
5 463 0 0 -1 24.7327 5.27305 0 1
5 464 0 0 -1 35.6819 19.2111 0 1
5 465 0 0 -1 2.36922 95.4397 0 1
5 466 0 0 -1 30.438 6.27222 0 1
5 467 0 0 -1 42.2501 36.5138 0 1
5 468 0 0 -1 19.0799 5.12367 0 1
5 469 0 0 -1 43.6981 15.2229 0 1
5 470 0 0 -1 49.3925 51.6052 0 1
5 471 0 0 -1 34.3522 72.2757 0 1
5 472 0 0 -1 37.4162 24.2516 0 1
5 473 0 0 -1 62.7558 4.55819 0 1
5 474 0 0 -1 29.0988 35.4309 0 1
5 475 0 0 -1 62.9531 31.4948 0 1
5 476 0 0 -1 27.353 83.3573 0 1
5 477 0 0 -1 8.15199 52.0856 0 1
5 478 0 0 -1 88.6304 43.8339 0 1
5 479 0 0 -1 39.2736 1.73469 0 1
5 480 0 0 -1 38.2485 16.3517 0 1
5 481 0 0 -1 31.5746 36.0399 0 1
5 482 0 0 -1 33.5519 89.9592 0 1
5 483 0 0 -1 22.2438 67.9041 0 1
5 484 0 0 -1 62.2349 59.66 0 1
5 485 0 0 -1 92.1557 24.9908 0 1
5 486 0 0 -1 64.2182 21.2545 0 1
5 487 0 0 -1 60.4217 27.1713 0 1
5 488 0 0 -1 10.5286 60.9013 0 1
5 489 0 0 -1 4.73519 11.1569 0 1
5 490 0 0 -1 12.8916 87.4304 0 1
5 491 0 0 -1 25.5326 51.1402 0 1
5 492 0 0 -1 3.78208 12.18 0 1
5 493 0 0 -1 33.0869 35.3567 0 1
5 494 0 0 -1 48.2199 66.6388 0 1
5 495 0 0 -1 25.3159 70.4637 0 1
5 496 0 0 -1 34.5428 87.5508 0 1
5 497 0 0 -1 30.1237 26.6985 0 1
5 498 0 0 -1 12.5416 94.3419 0 1
5 499 0 0 -1 47.953 72.9633 0 1
5 500 0 0 -1 21.5132 0.702302 0 1
5 501 0 0 -1 60.7379 32.0418 0 1
5 502 0 0 -1 61.6036 0.598145 0 1
5 503 0 0 -1 31.2008 66.3388 0 1
5 504 0 0 -1 11.7551 21.3593 0 1
5 505 0 0 -1 10.3476 24.6467 0 1
5 506 0 0 -1 8.78968 35.8802 0 1
5 507 0 0 -1 75.7869 12.5718 0 1
5 508 0 0 -1 48.0601 8.87375 0 1
5 509 0 0 -1 66.7438 10.0553 0 1
5 510 0 0 -1 36.7539 73.3367 0 1
5 511 0 0 -1 46.2999 12.7226 0 1
5 512 0 0 -1 85.4092 7.03782 0 1
5 513 0 0 -1 44.7644 47.0128 0 1
5 514 0 0 -1 7.63597 75.9652 0 1
5 515 0 0 -1 13.3515 19.3911 0 1
5 516 0 0 -1 44.0378 6.11417 0 1
5 517 0 0 -1 59.5793 19.8247 0 1
5 518 0 0 -1 18.6859 7.63941 0 1
5 519 0 0 -1 28.6984 66.6144 0 1
5 520 0 0 -1 3.91947 4.21094 0 1
5 521 0 0 -1 39.8587 70.6633 0 1
5 522 0 0 -1 14.2663 0.653796 0 1
5 523 0 0 -1 67.5308 51.0201 0 1
5 524 0 0 -1 73.9905 58.7402 0 1
5 525 0 0 -1 35.727 20.2904 0 1
5 526 0 0 -1 71.4628 21.1362 0 1
5 527 0 0 -1 27.3282 16.2272 0 1
5 528 0 0 -1 68.149 34.9642 0 1
5 529 0 0 -1 5.19959 98.3931 0 1
5 530 0 0 -1 18.2177 14.3169 0 1
5 531 0 0 -1 72.4183 46.9162 0 1
5 532 0 0 -1 51.1271 20.79 0 1
5 533 0 0 -1 47.001 65.3934 0 1
5 534 0 0 -1 21.4438 14.5317 0 1
5 535 0 0 -1 16.4135 95.4343 0 1
5 536 0 0 -1 73.2719 52.1405 0 1
5 537 0 0 -1 15.7247 44.7347 0 1
5 538 0 0 -1 73.2768 43.0529 0 1
5 539 0 0 -1 60.9619 41.4257 0 1
5 540 0 0 -1 78.0171 53.1542 0 1
5 541 0 0 -1 22.9262 32.3724 0 1
5 542 0 0 -1 42.671 28.1258 0 1
5 543 0 0 -1 30.7655 38.302 0 1
5 544 0 0 -1 52.619 65.3229 0 1
5 545 0 0 -1 41.6606 47.0265 0 1
5 546 0 0 -1 12.4199 75.784 0 1
5 547 0 0 -1 3.19332 28.8334 0 1
5 548 0 0 -1 21.1999 54.2507 0 1
5 549 0 0 -1 29.9959 82.1618 0 1
5 550 0 0 -1 95.6764 8.01301 0 1
5 551 0 0 -1 35.316 18.6026 0 1
5 552 0 0 -1 40.3854 77.987 0 1
5 553 0 0 -1 46.7284 71.1509 0 1
5 554 0 0 -1 16.289 39.6331 0 1
5 555 0 0 -1 20.1341 68.908 0 1
5 556 0 0 -1 4.95596 16.0335 0 1
5 557 0 0 -1 2.45827 46.6166 0 1
5 558 0 0 -1 63.0599 56.7985 0 1
5 559 0 0 -1 35.2782 75.4798 0 1
5 560 0 0 -1 32.5825 38.4715 0 1
5 561 0 0 -1 4.3132 3.80082 0 1
5 562 0 0 -1 14.9367 85.2871 0 1
5 563 0 0 -1 90.7438 36.1366 0 1
5 564 0 0 -1 39.5378 20.7397 0 1
5 565 0 0 -1 18.2983 35.2142 0 1
5 566 0 0 -1 28.7527 53.6143 0 1
5 567 0 0 -1 53.8168 69.1381 0 1
5 568 0 0 -1 31.6013 0.545166 0 1
5 569 0 0 -1 40.289 47.8903 0 1
5 570 0 0 -1 40.1782 60.423 0 1
5 571 0 0 -1 16.7983 45.1342 0 1
5 572 0 0 -1 76.4565 19.2566 0 1
5 573 0 0 -1 91.7508 39.5164 0 1
5 574 0 0 -1 76.0551 27.0289 0 1
5 575 0 0 -1 14.9963 8.63763 0 1
5 576 0 0 -1 65.5004 19.3095 0 1
5 577 0 0 -1 12.4384 80.4371 0 1
5 578 0 0 -1 4.59657 3.18223 0 1
5 579 0 0 -1 16.5737 44.1343 0 1
5 580 0 0 -1 23.9219 34.872 0 1
5 581 0 0 -1 79.3485 52.6746 0 1
5 582 0 0 -1 88.4863 33.1652 0 1
5 583 0 0 -1 21.8126 20.0876 0 1
5 584 0 0 -1 33.7104 62.1016 0 1
5 585 0 0 -1 22.5246 84.7762 0 1
5 586 0 0 -1 4.03275 10.7736 0 1
5 587 0 0 -1 38.4976 80.0878 0 1
5 588 0 0 -1 37.8025 53.4938 0 1
5 589 0 0 -1 88.7255 3.30286 0 1
5 590 0 0 -1 72.8033 1.1639 0 1
5 591 0 0 -1 4.34613 0.313608 0 1
5 592 0 0 -1 21.5342 28.268 0 1
5 593 0 0 -1 35.1856 0.882663 0 1
5 594 0 0 -1 80.9426 23.6719 0 1
5 595 0 0 -1 34.0479 2.75521 0 1
5 596 0 0 -1 43.7595 67.7583 0 1
5 597 0 0 -1 64.8568 11.7374 0 1
5 598 0 0 -1 41.6469 87.3814 0 1
5 599 0 0 -1 86.3625 0.546294 0 1
5 600 0 0 -1 71.4433 24.8601 0 1
5 601 0 0 -1 80.6341 9.24579 0 1
5 602 0 0 -1 12.5487 51.1572 0 1
5 603 0 0 -1 28.557 74.8696 0 1
5 604 0 0 -1 3.13763 31.7878 0 1
5 605 0 0 -1 50.9739 84.0802 0 1
5 606 0 0 -1 52.7801 51.6922 0 1
5 607 0 0 -1 10.9566 94.427 0 1
5 608 0 0 -1 39.0736 7.47014 0 1
5 609 0 0 -1 55.0968 25.4362 0 1
5 610 0 0 -1 8.01643 26.5401 0 1
5 611 0 0 -1 35.7859 28.6502 0 1
5 612 0 0 -1 58.0101 48.3346 0 1
5 613 0 0 -1 79.8074 28.5336 0 1
5 614 0 0 -1 44.6232 8.3644 0 1
5 615 0 0 -1 3.40322 41.2254 0 1
5 616 0 0 -1 58.4556 6.54085 0 1
5 617 0 0 -1 73.0132 9.42946 0 1
5 618 0 0 -1 90.6211 28.4729 0 1
5 619 0 0 -1 27.6921 47.2313 0 1
5 620 0 0 -1 29.1487 38.6487 0 1
5 621 0 0 -1 41.6584 68.2223 0 1
5 622 0 0 -1 23.2953 43.9548 0 1
5 623 0 0 -1 42.7858 59.0812 0 1
5 624 0 0 -1 72.605 0.795954 0 1
5 625 0 0 -1 7.41573 52.4124 0 1
5 626 0 0 -1 29.3296 52.0389 0 1
5 627 0 0 -1 60.7768 32.7328 0 1
5 628 0 0 -1 93.2642 19.2324 0 1
5 629 0 0 -1 39.2736 66.2774 0 1
5 630 0 0 -1 28.6618 29.8947 0 1
5 631 0 0 -1 94.7503 23.1131 0 1
5 632 0 0 -1 7.35118 22.4424 0 1
5 633 0 0 -1 70.3444 36.4999 0 1
5 634 0 0 -1 61.0911 12.0027 0 1
5 635 0 0 -1 4.72222 7.20996 0 1
5 636 0 0 -1 8.75789 98.3808 0 1
5 637 0 0 -1 61.3452 32.0532 0 1
5 638 0 0 -1 42.3356 4.13105 0 1
5 639 0 0 -1 91.1343 14.9406 0 1
5 640 0 0 -1 4.927 98.5501 0 1
5 641 0 0 -1 67.3529 34.2566 0 1
5 642 0 0 -1 50.589 28.1297 0 1
5 643 0 0 -1 66.9894 43.8532 0 1
5 644 0 0 -1 47.3621 6.263 0 1
5 645 0 0 -1 10.1306 76.0239 0 1
5 646 0 0 -1 36.1577 4.8809 0 1
5 647 0 0 -1 27.3233 69.4813 0 1
5 648 0 0 -1 22.2951 25.4473 0 1
5 649 0 0 -1 61.1007 13.4294 0 1
5 650 0 0 -1 40.3878 66.0277 0 1
5 651 0 0 -1 11.9795 7.74077 0 1
5 652 0 0 -1 0.284244 62.5684 0 1
5 653 0 0 -1 35.8705 67.2736 0 1
5 654 0 0 -1 6.42163 83.2325 0 1
5 655 0 0 -1 73.5366 16.5522 0 1
5 656 0 0 -1 59.2564 9.6943 0 1
5 657 0 0 -1 21.4331 58.3933 0 1
5 658 0 0 -1 53.2032 48.7564 0 1
5 659 0 0 -1 27.8746 33.2119 0 1
5 660 0 0 -1 37.1709 9.35866 0 1
5 661 0 0 -1 17.9429 32.7953 0 1
5 662 0 0 -1 99.6006 1.05465 0 1
5 663 0 0 -1 89.7649 21.8957 0 1
5 664 0 0 -1 26.5019 50.8655 0 1
5 665 0 0 -1 35.3251 66.8898 0 1
5 666 0 0 -1 16.8932 47.3046 0 1
5 667 0 0 -1 74.6306 17.1775 0 1
5 668 0 0 -1 9.87301 10.501 0 1
5 669 0 0 -1 84.4511 16.2946 0 1
5 670 0 0 -1 32.8469 52.9899 0 1
5 671 0 0 -1 67.682 54.28 0 1
5 672 0 0 -1 11.3832 20.8851 0 1
5 673 0 0 -1 3.03642 39.2579 0 1
5 674 0 0 -1 54.0971 40.2073 0 1
5 675 0 0 -1 48.6165 72.04 0 1
5 676 0 0 -1 73.0025 48.2171 0 1
5 677 0 0 -1 73.0947 62.7674 0 1
5 678 0 0 -1 13.633 5.43789 0 1
5 679 0 0 -1 66.4864 30.5262 0 1
5 680 0 0 -1 52.7425 41.1169 0 1
5 681 0 0 -1 47.7036 62.6155 0 1
5 682 0 0 -1 51.618 32.1547 0 1
5 683 0 0 -1 78.9101 45.3515 0 1
5 684 0 0 -1 90.1424 11.757 0 1
5 685 0 0 -1 66.037 9.72465 0 1
5 686 0 0 -1 48.9825 32.8066 0 1
5 687 0 0 -1 9.28067 97.5991 0 1
5 688 0 0 -1 4.84657 82.2832 0 1
5 689 0 0 -1 45.8162 77.9412 0 1
5 690 0 0 -1 45.0506 15.929 0 1
5 691 0 0 -1 77.5378 58.6836 0 1
5 692 0 0 -1 21.3669 44.0242 0 1
5 693 0 0 -1 85.1411 36.9134 0 1
5 694 0 0 -1 36.7248 36.7591 0 1
5 695 0 0 -1 69.0681 15.6349 0 1
5 696 0 0 -1 27.3919 80.452 0 1
5 697 0 0 -1 17.0349 93.4289 0 1
5 698 0 0 -1 62.5022 39.1591 0 1
5 699 0 0 -1 28.5509 71.7829 0 1
5 700 0 0 -1 36.7582 33.3975 0 1
5 701 0 0 -1 54.0661 82.5744 0 1
5 702 0 0 -1 11.3387 99.1168 0 1
5 703 0 0 -1 57.8004 19.8702 0 1
5 704 0 0 -1 32.9007 47.0101 0 1
5 705 0 0 -1 93.9795 18.0418 0 1
5 706 0 0 -1 83.9236 30.7043 0 1
5 707 0 0 -1 54.8009 52.9917 0 1
5 708 0 0 -1 46.3392 36.9115 0 1
5 709 0 0 -1 12.2023 73.7311 0 1
5 710 0 0 -1 17.3634 29.2371 0 1
5 711 0 0 -1 67.1599 7.54003 0 1
5 712 0 0 -1 24.9815 29.6622 0 1
5 713 0 0 -1 46.6992 53.5324 0 1
5 714 0 0 -1 1.4451 83.4574 0 1
5 715 0 0 -1 54.628 64.535 0 1
5 716 0 0 -1 87.1452 12.4283 0 1
5 717 0 0 -1 84.4052 20.0459 0 1
5 718 0 0 -1 59.4385 78.3847 0 1
5 719 0 0 -1 38.0877 43.3621 0 1
5 720 0 0 -1 9.08901 92.8886 0 1
5 721 0 0 -1 29.8001 8.55606 0 1
5 722 0 0 -1 29.1593 47.1635 0 1
5 723 0 0 -1 54.7035 62.7747 0 1
5 724 0 0 -1 25.9814 1.4027 0 1
5 725 0 0 -1 16.3071 27.4265 0 1
5 726 0 0 -1 84.8601 3.23696 0 1
5 727 0 0 -1 82.9378 50.8918 0 1
5 728 0 0 -1 1.50558 37.5657 0 1
5 729 0 0 -1 15.4268 88.6507 0 1
5 730 0 0 -1 8.69664 9.43257 0 1
5 731 0 0 -1 78.2167 46.7844 0 1
5 732 0 0 -1 39.673 49.1484 0 1
5 733 0 0 -1 42.734 69.4731 0 1
5 734 0 0 -1 57.7045 71.8933 0 1
5 735 0 0 -1 16.6366 95.4977 0 1
5 736 0 0 -1 68.2125 71.3401 0 1
5 737 0 0 -1 21.6205 57.6029 0 1
5 738 0 0 -1 77.8164 4.55827 0 1
5 739 0 0 -1 8.49463 79.322 0 1
5 740 0 0 -1 42.124 23.9214 0 1
5 741 0 0 -1 23.7535 76.6693 0 1
5 742 0 0 -1 1.55067 1.97021 0 1
5 743 0 0 -1 23.4537 54.3453 0 1
5 744 0 0 -1 3.49376 32.0099 0 1
5 745 0 0 -1 32.5998 61.1983 0 1
5 746 0 0 -1 3.90321 49.2363 0 1
5 747 0 0 -1 56.696 72.1157 0 1
5 748 0 0 -1 20.5765 14.9683 0 1
5 749 0 0 -1 50.9221 67.3641 0 1
5 750 0 0 -1 46.6861 34.6125 0 1
5 751 0 0 -1 83.3382 14.6588 0 1
5 752 0 0 -1 26.7306 7.09167 0 1
5 753 0 0 -1 91.3281 28.2813 0 1
5 754 0 0 -1 9.06188 14.7818 0 1
5 755 0 0 -1 30.3478 10.5083 0 1
5 756 0 0 -1 47.3186 34.251 0 1
5 757 0 0 -1 59.7446 4.01456 0 1
5 758 0 0 -1 6.36673 80.3211 0 1
5 759 0 0 -1 18.9829 72.6764 0 1
5 760 0 0 -1 73.6404 8.5306 0 1
5 761 0 0 -1 60.6067 24.5625 0 1
5 762 0 0 -1 75.8947 53.0952 0 1
5 763 0 0 -1 83.9793 22.5808 0 1
5 764 0 0 -1 37.2395 14.4383 0 1
5 765 0 0 -1 74.4092 28.5677 0 1
5 766 0 0 -1 42.7195 83.471 0 1
5 767 0 0 -1 43.3495 25.3461 0 1
5 768 0 0 -1 81.8089 21.258 0 1
5 769 0 0 -1 11.4665 12.1567 0 1
5 770 0 0 -1 31.7663 58.7851 0 1
5 771 0 0 -1 62.7996 52.7744 0 1
5 772 0 0 -1 25.4508 45.4724 0 1
5 773 0 0 -1 70.0349 66.2078 0 1
5 774 0 0 -1 39.1527 54.0141 0 1
5 775 0 0 -1 88.7886 26.8603 0 1
5 776 0 0 -1 21.3316 26.0281 0 1
5 777 0 0 -1 9.36428 61.0207 0 1
5 778 0 0 -1 19.2032 20.8307 0 1
5 779 0 0 -1 73.1773 50.9695 0 1
5 780 0 0 -1 79.6158 19.585 0 1
5 781 0 0 -1 42.4804 42.4154 0 1
5 782 0 0 -1 72.3594 14.3124 0 1
5 783 0 0 -1 59.7847 14.511 0 1
5 784 0 0 -1 83.8677 29.8196 0 1
5 785 0 0 -1 80.7188 23.0203 0 1
5 786 0 0 -1 49.8807 5.16531 0 1
5 787 0 0 -1 0.906069 50.1313 0 1
5 788 0 0 -1 48.0765 84.5617 0 1
5 789 0 0 -1 41.1385 67.2797 0 1
5 790 0 0 -1 5.39245 14.3159 0 1
5 791 0 0 -1 18.2492 85.0083 0 1
5 792 0 0 -1 33.9008 60.7296 0 1
5 793 0 0 -1 27.4237 6.26019 0 1
5 794 0 0 -1 75.042 51.6216 0 1
5 795 0 0 -1 4.07037 34.8267 0 1
5 796 0 0 -1 64.6463 46.8515 0 1
5 797 0 0 -1 10.9584 48.48 0 1
5 798 0 0 -1 16.3589 60.839 0 1
5 799 0 0 -1 53.6454 11.8944 0 1
5 800 0 0 -1 52.0183 54.5514 0 1
5 801 0 0 -1 62.0257 27.2157 0 1
5 802 0 0 -1 34.6693 10.1022 0 1
5 803 0 0 -1 11.7774 75.8078 0 1
5 804 0 0 -1 77.382 17.1698 0 1
5 805 0 0 -1 2.17808 24.0245 0 1
5 806 0 0 -1 56.3608 29.6018 0 1
5 807 0 0 -1 30.2847 31.4028 0 1
5 808 0 0 -1 81.2234 34.3551 0 1
5 809 0 0 -1 66.2296 47.356 0 1
5 810 0 0 -1 22.2931 30.8759 0 1
5 811 0 0 -1 94.2075 33.2515 0 1
5 812 0 0 -1 79.3559 10.5664 0 1
5 813 0 0 -1 94.0905 33.0013 0 1
5 814 0 0 -1 22.4609 46.1087 0 1
5 815 0 0 -1 73.3244 22.222 0 1
5 816 0 0 -1 2.27164 88.1535 0 1
5 817 0 0 -1 67.6019 4.44972 0 1
5 818 0 0 -1 12.178 23.9627 0 1
5 819 0 0 -1 34.0515 42.4628 0 1
5 820 0 0 -1 55.3656 15.2749 0 1
5 821 0 0 -1 76.8178 21.5951 0 1
5 822 0 0 -1 52.471 56.8385 0 1
5 823 0 0 -1 32.3624 31.827 0 1
5 824 0 0 -1 67.4049 26.4529 0 1
5 825 0 0 -1 72.5617 52.381 0 1
5 826 0 0 -1 74.3523 45.8861 0 1
5 827 0 0 -1 30.9879 72.6329 0 1
5 828 0 0 -1 40.9118 33.2595 0 1
5 829 0 0 -1 60.7864 8.51376 0 1
5 830 0 0 -1 37.7093 72.9645 0 1
5 831 0 0 -1 32.4765 71.7607 0 1
5 832 0 0 -1 15.4272 87.8421 0 1
5 833 0 0 -1 9.43723 49.6666 0 1
5 834 0 0 -1 6.50506 23.7185 0 1
5 835 0 0 -1 50.1714 58.5636 0 1
5 836 0 0 -1 63.7757 22.733 0 1
5 837 0 0 -1 10.9446 38.1281 0 1
5 838 0 0 -1 7.06916 99.607 0 1
5 839 0 0 -1 58.1806 47.981 0 1
5 840 0 0 -1 32.8665 18.967 0 1
5 841 0 0 -1 56.4948 70.5758 0 1
5 842 0 0 -1 42.3365 7.35876 0 1
5 843 0 0 -1 76.8134 29.3722 0 1
5 844 0 0 -1 48.1589 85.5438 0 1
5 845 0 0 -1 14.6783 41.8941 0 1
5 846 0 0 -1 59.4538 64.8497 0 1
5 847 0 0 -1 0.457693 23.2295 0 1
5 848 0 0 -1 87.5828 11.4023 0 1
5 849 0 0 -1 61.3576 56.2019 0 1
5 850 0 0 -1 55.8089 55.1306 0 1
5 851 0 0 -1 16.4078 88.6754 0 1
5 852 0 0 -1 59.2512 66.0291 0 1
5 853 0 0 -1 61.8738 1.58775 0 1
5 854 0 0 -1 73.3879 38.6871 0 1
5 855 0 0 -1 30.9599 72.9917 0 1
5 856 0 0 -1 24.9377 9.99869 0 1
5 857 0 0 -1 63.9516 73.0966 0 1
5 858 0 0 -1 14.9907 54.9963 0 1
5 859 0 0 -1 43.4797 15.4484 0 1
5 860 0 0 -1 78.2258 31.0624 0 1
5 861 0 0 -1 26.8507 39.5834 0 1
5 862 0 0 -1 87.2643 23.8007 0 1
5 863 0 0 -1 8.0102 43.0732 0 1
5 864 0 0 -1 78.9313 24.418 0 1
5 865 0 0 -1 31.7486 53.0289 0 1
5 866 0 0 -1 19.058 59.1943 0 1
5 867 0 0 -1 65.4377 22.8191 0 1
5 868 0 0 -1 33.5462 29.3893 0 1
5 869 0 0 -1 8.01921 10.9064 0 1
5 870 0 0 -1 84.085 51.4989 0 1
5 871 0 0 -1 26.3548 62.3108 0 1
5 872 0 0 -1 82.5613 53.2055 0 1
5 873 0 0 -1 1.89427 69.8256 0 1
5 874 0 0 -1 77.0062 9.90447 0 1
5 875 0 0 -1 12.8988 55.9375 0 1
5 876 0 0 -1 34.3224 44.6474 0 1
5 877 0 0 -1 8.96636 31.6429 0 1
5 878 0 0 -1 35.6472 28.0244 0 1
5 879 0 0 -1 90.8371 28.2348 0 1
5 880 0 0 -1 20.4703 88.7185 0 1
5 881 0 0 -1 11.5377 85.3286 0 1
5 882 0 0 -1 15.2972 7.45336 0 1
5 883 0 0 -1 14.4173 23.3164 0 1
5 884 0 0 -1 74.8153 44.7146 0 1
5 885 0 0 -1 60.8131 57.3766 0 1
5 886 0 0 -1 27.2022 74.9263 0 1
5 887 0 0 -1 72.6118 40.101 0 1
5 888 0 0 -1 30.8637 6.93426 0 1
5 889 0 0 -1 84.7484 39.8301 0 1
5 890 0 0 -1 38.5771 20.3957 0 1
5 891 0 0 -1 67.8545 29.4143 0 1
5 892 0 0 -1 18.1328 0.412863 0 1
5 893 0 0 -1 74.2328 29.6705 0 1
5 894 0 0 -1 37.1239 0.158687 0 1
5 895 0 0 -1 12.8465 55.4836 0 1
5 896 0 0 -1 0.198196 59.4741 0 1
5 897 0 0 -1 22.1814 72.2406 0 1
5 898 0 0 -1 12.3416 3.90827 0 1
5 899 0 0 -1 1.72753 97.09 0 1
5 900 0 0 -1 43.7384 40.3047 0 1
5 901 0 0 -1 17.4857 11.5929 0 1
5 902 0 0 -1 69.719 66.1162 0 1
5 903 0 0 -1 66.5291 74.1505 0 1
5 904 0 0 -1 17.5223 52.2705 0 1
5 905 0 0 -1 63.6805 54.6462 0 1
5 906 0 0 -1 52.4292 76.5269 0 1
5 907 0 0 -1 10.1298 51.0901 0 1
5 908 0 0 -1 64.1887 10.328 0 1
5 909 0 0 -1 10.5642 9.2271 0 1
5 910 0 0 -1 8.44625 32.7456 0 1
5 911 0 0 -1 27.5389 93.8093 0 1
5 912 0 0 -1 85.3991 29.2664 0 1
5 913 0 0 -1 90.8994 29.1374 0 1
5 914 0 0 -1 69.5711 8.38507 0 1
5 915 0 0 -1 40.7303 39.2901 0 1
5 916 0 0 -1 74.5013 40.6479 0 1
5 917 0 0 -1 27.1419 41.0304 0 1
5 918 0 0 -1 14.7984 44.6642 0 1
5 919 0 0 -1 55.0058 9.44015 0 1
5 920 0 0 -1 96.8202 19.1945 0 1
5 921 0 0 -1 19.7681 7.38441 0 1
5 922 0 0 -1 28.4216 28.2144 0 1
5 923 0 0 -1 40.13 9.88934 0 1
5 924 0 0 -1 9.70517 67.6689 0 1
5 925 0 0 -1 3.69867 95.1042 0 1
5 926 0 0 -1 24.2417 66.5065 0 1
5 927 0 0 -1 2.9831 64.9719 0 1
5 928 0 0 -1 5.79658 77.4844 0 1
5 929 0 0 -1 5.61988 32.9385 0 1
5 930 0 0 -1 18.5148 20.4183 0 1
5 931 0 0 -1 77.6027 11.8156 0 1
5 932 0 0 -1 57.5457 53.903 0 1
5 933 0 0 -1 73.0975 6.12132 0 1
5 934 0 0 -1 61.7503 1.51913 0 1
5 935 0 0 -1 34.3357 1.88035 0 1
5 936 0 0 -1 11.4085 44.0409 0 1
5 937 0 0 -1 69.5493 15.1071 0 1
5 938 0 0 -1 39.1451 66.4847 0 1
5 939 0 0 -1 9.70517 63.3868 0 1
5 940 0 0 -1 32.9912 12.6883 0 1
5 941 0 0 -1 28.3587 38.7877 0 1
5 942 0 0 -1 90.1727 33.9786 0 1
5 943 0 0 -1 71.7262 8.68743 0 1
5 944 0 0 -1 54.3968 49.3289 0 1
5 945 0 0 -1 20.5031 53.294 0 1
5 946 0 0 -1 26.2419 78.0488 0 1
5 947 0 0 -1 7.19696 12.5951 0 1
5 948 0 0 -1 32.4147 80.2945 0 1
5 949 0 0 -1 18.7165 94.165 0 1
5 950 0 0 -1 81.8136 53.0522 0 1
5 951 0 0 -1 8.3292 36.2381 0 1
5 952 0 0 -1 32.0793 18.0344 0 1
5 953 0 0 -1 30.7226 27.9836 0 1
5 954 0 0 -1 3.8582 20.8953 0 1
5 955 0 0 -1 61.9621 75.5844 0 1
5 956 0 0 -1 29.5827 16.359 0 1
5 957 0 0 -1 24.9133 50.0858 0 1
5 958 0 0 -1 69.653 51.1553 0 1
5 959 0 0 -1 28.1345 76.8499 0 1
5 960 0 0 -1 63.7504 60.5492 0 1
5 961 0 0 -1 54.7142 38.958 0 1
5 962 0 0 -1 35.519 50.7595 0 1
5 963 0 0 -1 32.18 32.612 0 1
5 964 0 0 -1 16.3541 40.5092 0 1
5 965 0 0 -1 68.8502 48.4334 0 1
5 966 0 0 -1 58.5436 68.4751 0 1
5 967 0 0 -1 13.5039 89.2663 0 1
5 968 0 0 -1 96.4587 17.3621 0 1
5 969 0 0 -1 10.1616 58.4208 0 1
5 970 0 0 -1 74.7798 17.8598 0 1
5 971 0 0 -1 69.0151 17.9646 0 1
5 972 0 0 -1 21.2827 32.7655 0 1
5 973 0 0 -1 15.2324 33.228 0 1
5 974 0 0 -1 17.385 50.7514 0 1
5 975 0 0 -1 83.9875 49.5651 0 1
5 976 0 0 -1 83.3634 0.341697 0 1
5 977 0 0 -1 48.7751 48.618 0 1
5 978 0 0 -1 20.6887 62.279 0 1
5 979 0 0 -1 37.8842 17.1473 0 1
5 980 0 0 -1 79.6411 48.0458 0 1
5 981 0 0 -1 95.5847 16.0633 0 1
5 982 0 0 -1 94.4904 7.46051 0 1
5 983 0 0 -1 7.32656 11.8754 0 1
5 984 0 0 -1 61.4405 41.5753 0 1
5 985 0 0 -1 0.132766 14.4776 0 1
5 986 0 0 -1 2.70998 38.017 0 1
5 987 0 0 -1 31.625 82.3511 0 1
5 988 0 0 -1 86.0627 7.19312 0 1
5 989 0 0 -1 54.9388 73.8528 0 1
5 990 0 0 -1 57.541 45.3863 0 1
5 991 0 0 -1 51.4728 52.3216 0 1
5 992 0 0 -1 4.84889 47.0576 0 1
5 993 0 0 -1 21.1561 62.8753 0 1
5 994 0 0 -1 4.53754 28.4827 0 1
5 995 0 0 -1 74.7507 62.7494 0 1
5 996 0 0 -1 19.7968 36.1912 0 1
5 997 0 0 -1 4.32477 11.4526 0 1
5 998 0 0 -1 12.5914 54.5935 0 1
5 999 0 0 -1 25.8557 44.2164 0 1
